0 0.665964 0.637967
1 0.684564 0.646596
2 0.682454 0.670566
3 0.688015 0.673634
4 0.691659 0.674593
5 0.686673 0.673058
6 0.696069 0.679386
7 0.706424 0.679386
8 0.700863 0.691275
9 0.702013 0.702205
10 0.696261 0.693384
11 0.701438 0.695686
12 0.703931 0.700096
13 0.701630 0.702013
14 0.701438 0.696069
15 0.707383 0.698754
16 0.704506 0.705273
17 0.703547 0.707574
18 0.706807 0.707574
19 0.705081 0.698178
20 0.701246 0.701630
21 0.702205 0.702013
22 0.705081 0.705465
23 0.702397 0.702013
24 0.709300 0.701822
25 0.699904 0.701822
26 0.707191 0.706616
27 0.698945 0.697411
28 0.703547 0.702013
29 0.709492 0.707191
30 0.711985 0.707766
31 0.706999 0.703164
32 0.703356 0.702972
33 0.706040 0.708150
34 0.708150 0.704506
35 0.700479 0.706232
36 0.712368 0.711985
37 0.706616 0.705657
38 0.704890 0.710834
39 0.702013 0.705273
40 0.705081 0.706999
41 0.714477 0.717162
42 0.705273 0.706040
43 0.706999 0.705657
44 0.714286 0.706232
45 0.709108 0.709875
46 0.715244 0.714477
47 0.711026 0.713710
48 0.711218 0.715244
49 0.705657 0.707766
50 0.707383 0.710067
51 0.706232 0.707191
52 0.710642 0.707958
53 0.702397 0.704314
54 0.704698 0.708725
55 0.711985 0.709300
56 0.710642 0.712176
57 0.707383 0.704698
58 0.705657 0.708917
59 0.706807 0.704890
