0 0.673058 0.651965
1 0.685139 0.661170
2 0.692617 0.674976
3 0.692042 0.676127
4 0.690125 0.681496
5 0.695877 0.690892
6 0.701630 0.682646
7 0.697028 0.686098
8 0.707574 0.687632
9 0.699521 0.691275
10 0.706807 0.698562
11 0.701055 0.692234
12 0.701822 0.703739
13 0.702780 0.693768
14 0.709684 0.698754
15 0.702589 0.708150
16 0.705849 0.709300
17 0.706999 0.704890
18 0.701246 0.699904
19 0.708533 0.702013
20 0.703931 0.702589
21 0.707574 0.703164
22 0.706807 0.698754
23 0.702397 0.697220
24 0.709492 0.702013
25 0.702780 0.701630
26 0.706424 0.701055
27 0.708341 0.708725
28 0.708533 0.710642
29 0.706616 0.704506
30 0.705081 0.699904
31 0.707766 0.708150
32 0.704506 0.708533
33 0.705849 0.704698
34 0.701822 0.703547
35 0.709492 0.700479
36 0.701246 0.698754
37 0.704123 0.705081
38 0.704890 0.703164
39 0.703164 0.699904
40 0.711218 0.709108
41 0.709108 0.706040
42 0.711601 0.710834
43 0.711601 0.709108
44 0.710834 0.708917
45 0.708150 0.704314
46 0.711985 0.709875
47 0.707574 0.708341
48 0.712752 0.708341
49 0.710259 0.707383
50 0.710451 0.703739
51 0.707958 0.705273
52 0.710451 0.707958
53 0.707958 0.706232
54 0.712176 0.705657
55 0.710259 0.707191
56 0.712560 0.709875
57 0.708533 0.705465
58 0.714094 0.709492
59 0.706424 0.704698
