0 0.665005 0.640652
1 0.666539 0.648897
2 0.681687 0.662704
3 0.681112 0.661745
4 0.688782 0.667114
5 0.689933 0.672675
6 0.691275 0.672675
7 0.694535 0.685714
8 0.694151 0.681879
9 0.695494 0.686865
10 0.692042 0.687824
11 0.688015 0.685906
12 0.691275 0.688015
13 0.688399 0.687057
14 0.695494 0.688974
15 0.695686 0.690508
16 0.696069 0.692234
17 0.696644 0.695110
18 0.700288 0.700671
19 0.700096 0.693768
20 0.703739 0.703164
21 0.699521 0.696453
22 0.702780 0.697411
23 0.699137 0.698562
24 0.701438 0.697603
25 0.702589 0.700096
26 0.700479 0.701055
27 0.698754 0.698370
28 0.703739 0.694919
29 0.702205 0.699904
30 0.705273 0.699329
31 0.699521 0.695494
32 0.698754 0.697028
33 0.700863 0.702589
34 0.704314 0.694535
35 0.696069 0.697603
36 0.703739 0.702205
37 0.704698 0.702397
38 0.701438 0.697987
39 0.702780 0.700671
40 0.706999 0.700288
41 0.704314 0.703356
42 0.702013 0.701246
43 0.702013 0.703739
44 0.705465 0.703739
45 0.702397 0.704506
46 0.703356 0.703931
47 0.704698 0.703547
48 0.706232 0.697795
49 0.707191 0.703356
50 0.699329 0.702205
51 0.705849 0.705465
52 0.705081 0.704698
53 0.706807 0.705465
54 0.703931 0.698945
55 0.706999 0.705081
56 0.701630 0.698370
57 0.705657 0.699904
58 0.700288 0.704698
59 0.705465 0.700863
