0 0.671141 0.617066
1 0.679195 0.647555
2 0.683605 0.660403
3 0.679962 0.672867
4 0.683605 0.676702
5 0.694919 0.689358
6 0.690125 0.690316
7 0.699521 0.697028
8 0.699521 0.690892
9 0.699904 0.703164
10 0.704314 0.694727
11 0.696453 0.702589
12 0.704123 0.705465
13 0.706999 0.699904
14 0.708150 0.702780
15 0.704698 0.705849
16 0.706040 0.699137
17 0.703931 0.709875
18 0.705657 0.703164
19 0.703547 0.706424
20 0.705081 0.709492
21 0.709684 0.709300
22 0.710259 0.713327
23 0.706232 0.710642
24 0.708341 0.711409
25 0.706232 0.712368
26 0.708533 0.711218
27 0.710259 0.712752
28 0.709684 0.706807
29 0.709300 0.716779
30 0.706040 0.705465
31 0.706232 0.709300
32 0.710642 0.716587
33 0.712368 0.713519
34 0.704506 0.708533
35 0.706999 0.708341
36 0.712176 0.714669
37 0.716779 0.717354
38 0.710642 0.716395
39 0.707574 0.710259
40 0.718313 0.714861
41 0.709492 0.710642
42 0.711218 0.713327
43 0.713135 0.712560
44 0.702780 0.703164
45 0.708725 0.704314
46 0.708150 0.713710
47 0.716395 0.711985
48 0.713710 0.717929
49 0.713710 0.716203
50 0.710067 0.706616
51 0.706616 0.712176
52 0.705465 0.710642
53 0.711793 0.714094
54 0.708917 0.707383
55 0.706040 0.705273
56 0.708533 0.706999
57 0.707574 0.711793
58 0.711985 0.712176
59 0.706999 0.711218
