0 0.574497 0.456184
1 0.611889 0.475168
2 0.642953 0.527517
3 0.654458 0.560115
4 0.665580 0.518696
5 0.664046 0.599425
6 0.671333 0.631831
7 0.684947 0.613039
8 0.681304 0.635475
9 0.684372 0.624545
10 0.686865 0.628188
11 0.688782 0.650240
12 0.692042 0.642761
13 0.699137 0.655801
14 0.695110 0.664046
15 0.697987 0.675743
16 0.702013 0.682454
17 0.699712 0.677852
18 0.698370 0.674209
19 0.687248 0.674784
20 0.704890 0.689741
21 0.692617 0.668073
22 0.694727 0.692809
23 0.691275 0.671908
24 0.695302 0.672483
25 0.699712 0.670182
26 0.691659 0.681304
27 0.703547 0.687057
28 0.697603 0.682263
29 0.693384 0.682838
30 0.692617 0.686673
31 0.697028 0.683221
32 0.703931 0.696069
33 0.690508 0.670182
34 0.691275 0.672483
35 0.700863 0.685714
36 0.700479 0.690700
37 0.702013 0.695302
38 0.702589 0.692809
39 0.699329 0.695877
40 0.697028 0.680729
41 0.700096 0.688015
42 0.687057 0.677277
43 0.695494 0.695110
44 0.699712 0.693384
45 0.702205 0.699137
46 0.689741 0.687248
47 0.695877 0.688591
48 0.688015 0.684372
49 0.687632 0.679770
50 0.697411 0.694919
51 0.694535 0.688399
52 0.693193 0.685714
53 0.693960 0.689549
54 0.686098 0.682071
55 0.694727 0.690700
56 0.688399 0.680345
57 0.691850 0.679003
58 0.693193 0.692234
59 0.696261 0.693384
60 0.694151 0.689741
61 0.693193 0.684180
62 0.698562 0.693576
63 0.699521 0.688207
64 0.681112 0.673826
65 0.683605 0.672291
66 0.685523 0.683797
67 0.687248 0.681687
68 0.697987 0.682646
69 0.688399 0.682454
70 0.687632 0.671333
71 0.684564 0.674017
72 0.683030 0.676127
73 0.690125 0.686865
74 0.689933 0.684372
75 0.686481 0.683988
76 0.691083 0.681112
77 0.672100 0.671908
78 0.685139 0.676894
79 0.680537 0.673058
80 0.687248 0.685906
81 0.683221 0.670949
82 0.673250 0.661553
83 0.675935 0.671141
84 0.675743 0.672100
85 0.680345 0.675551
86 0.680537 0.673250
87 0.682454 0.679578
88 0.682263 0.678619
89 0.688974 0.687632
