	0	1	2	3	4	5	6	7	8	9
0[  0   9   0   0   2  21   0   0 438  59]
1[  0   3   0   0   6 489   0   0   2  12]
2[  0   0   0   0   0  11   0   0 485  48]
3[  0   0   0   0  19  80   0   1 233 183]
4[  0   1   0   0  21 329   0   0  65  82]
5[  0  22   0   0   0 250   0   0 194  77]
6[  0   6   0   0  41  24   0   0  13 410]
7[  0   0   0   0  30 145   0   0  97 223]
8[  0   4   0   0   1 515   0   0  13   5]
9[  0   5   0   0   5 459   0   0  41  36]]
 
	0	1	2	3	4	5	6	7	8	9
0[  0   9   0   0   2  21   0   0 438  59]
1[  9   6   0   0   7 511   6   0   6  17]
2[  0   0   0   0   0  11   0   0 485  48]
3[  0   0   0   0  19  80   0   1 233 183]
4[  2   7   0  19  42 329  41  30  66  87]
5[ 21 511  11  80 329 500  24 145 709 536]
6[  0   6   0   0  41  24   0   0  13 410]
7[  0   0   0   1  30 145   0   0  97 223]
8[438   6 485 233  66 709  13  97  26  46]
9[ 59  17  48 183  87 536 410 223  46  72]]