0 0.628380 0.425503
1 0.626270 0.476702
2 0.634516 0.438159
3 0.629147 0.454842
4 0.639693 0.456568
5 0.632598 0.450815
6 0.634708 0.482263
7 0.647555 0.447939
8 0.644871 0.484947
9 0.640268 0.483988
10 0.644487 0.485331
11 0.641227 0.506807
12 0.644295 0.514286
13 0.646596 0.498370
14 0.649089 0.529051
15 0.650240 0.539022
16 0.652541 0.513327
17 0.652157 0.506616
18 0.637009 0.556280
19 0.660403 0.526942
20 0.654458 0.551486
21 0.655417 0.574497
22 0.655992 0.559732
23 0.655609 0.555513
24 0.647555 0.544966
25 0.653500 0.553787
26 0.652924 0.558773
27 0.664430 0.541898
28 0.653883 0.541131
29 0.650815 0.538447
30 0.654650 0.542857
31 0.660594 0.549952
32 0.655417 0.557814
33 0.659252 0.553212
34 0.661745 0.552637
35 0.656376 0.563950
36 0.655034 0.542474
37 0.654267 0.569895
38 0.664046 0.573730
39 0.655609 0.570662
40 0.652349 0.544391
41 0.655609 0.544583
42 0.659827 0.560499
43 0.651198 0.579482
44 0.648897 0.516587
45 0.655034 0.551486
46 0.657718 0.573730
47 0.653308 0.565676
48 0.657143 0.556855
49 0.658869 0.569703
50 0.658869 0.562991
51 0.662512 0.581016
52 0.652349 0.575264
53 0.656184 0.553595
54 0.653500 0.549760
55 0.652733 0.567210
56 0.659060 0.573154
57 0.649856 0.574113
58 0.654267 0.559540
59 0.652541 0.571237
