0 0.672291 0.645254
1 0.684564 0.668648
2 0.685906 0.673250
3 0.686865 0.679386
4 0.693193 0.689358
5 0.691275 0.690700
6 0.696453 0.699329
7 0.696453 0.700479
8 0.698370 0.692234
9 0.697220 0.701438
10 0.695877 0.697987
11 0.700479 0.700096
12 0.702780 0.699137
13 0.705849 0.705273
14 0.701246 0.705465
15 0.702013 0.708150
16 0.709108 0.706040
17 0.705849 0.706616
18 0.702397 0.701630
19 0.704698 0.714286
20 0.706040 0.710451
21 0.711985 0.709684
22 0.716970 0.711409
23 0.711985 0.714861
24 0.716203 0.715628
25 0.702589 0.708917
26 0.704314 0.713710
27 0.708341 0.709492
28 0.711793 0.711601
29 0.708533 0.714286
30 0.709300 0.714094
31 0.707191 0.711409
32 0.703547 0.700288
33 0.705465 0.712943
34 0.709108 0.706616
35 0.712943 0.717354
36 0.706040 0.710834
37 0.712752 0.711985
38 0.711601 0.712176
39 0.714861 0.713327
40 0.706424 0.710067
41 0.714669 0.721189
42 0.706040 0.708725
43 0.706616 0.716203
44 0.709684 0.716970
45 0.712368 0.715053
46 0.709684 0.715053
47 0.707574 0.714477
48 0.715820 0.716203
49 0.711793 0.713135
50 0.709300 0.710067
51 0.712176 0.715628
52 0.705849 0.709492
53 0.706232 0.711601
54 0.715244 0.719655
55 0.710451 0.713519
56 0.708150 0.710834
57 0.710451 0.717354
58 0.709108 0.716587
59 0.707766 0.708533
