0 0.580058 0.411314
1 0.619942 0.526174
2 0.648514 0.520230
3 0.661553 0.515436
4 0.669415 0.576606
5 0.674017 0.598466
6 0.672867 0.609588
7 0.667689 0.614382
8 0.689358 0.647747
9 0.684947 0.652924
10 0.683988 0.627229
11 0.690125 0.654075
12 0.693576 0.637200
13 0.687440 0.656568
14 0.696453 0.659060
15 0.691659 0.633941
16 0.695877 0.658102
17 0.687632 0.658485
18 0.706616 0.657143
19 0.685523 0.660786
20 0.699521 0.688591
21 0.695877 0.676894
22 0.696644 0.679578
23 0.710642 0.682071
24 0.704123 0.678044
25 0.711026 0.686481
26 0.708917 0.694535
27 0.713519 0.684564
28 0.715053 0.696453
29 0.701822 0.689933
30 0.714669 0.691467
31 0.718696 0.696836
32 0.700288 0.688782
33 0.714094 0.698945
34 0.714286 0.704506
35 0.725791 0.712176
36 0.716203 0.699329
37 0.717162 0.702397
38 0.719271 0.712176
39 0.702397 0.697987
40 0.711218 0.691275
41 0.719271 0.702205
42 0.723298 0.697987
43 0.716395 0.709875
44 0.716779 0.699329
45 0.709300 0.689549
46 0.711218 0.710067
47 0.712176 0.708917
48 0.721572 0.702972
49 0.713710 0.708341
50 0.718313 0.709875
51 0.717929 0.710451
52 0.717162 0.707958
53 0.727900 0.715244
54 0.714094 0.702972
55 0.721956 0.724449
56 0.703739 0.695110
57 0.724449 0.720038
58 0.718888 0.710259
59 0.718888 0.714669
60 0.717354 0.712752
61 0.724065 0.716779
62 0.709108 0.704890
63 0.705657 0.703931
