0 0.670949 0.655992
1 0.677277 0.630489
2 0.686290 0.669799
3 0.685331 0.672483
4 0.684564 0.671333
5 0.691467 0.678236
6 0.696069 0.687057
7 0.696644 0.699329
8 0.691083 0.686290
9 0.702589 0.686098
10 0.704698 0.692042
11 0.697987 0.693960
12 0.705081 0.690125
13 0.704506 0.702205
14 0.705273 0.707766
15 0.713519 0.707191
16 0.703164 0.706807
17 0.703547 0.701055
18 0.709875 0.714477
19 0.708150 0.706040
20 0.700671 0.702205
21 0.702780 0.707958
22 0.713519 0.710451
23 0.715436 0.713710
24 0.710259 0.708533
25 0.709875 0.713519
26 0.699521 0.701246
27 0.714477 0.710259
28 0.713902 0.712560
29 0.711409 0.711793
30 0.707191 0.707383
31 0.715436 0.717162
32 0.706040 0.711218
33 0.718888 0.710834
34 0.713710 0.714286
35 0.710451 0.713710
36 0.712368 0.709300
37 0.710834 0.707958
38 0.715244 0.708150
39 0.715628 0.716203
40 0.712560 0.713327
41 0.713327 0.706999
42 0.713902 0.710259
43 0.712560 0.713135
44 0.711793 0.710834
45 0.705081 0.707574
46 0.709875 0.710259
47 0.714477 0.708341
48 0.713519 0.719463
49 0.714286 0.710834
50 0.709875 0.713902
51 0.716587 0.716779
52 0.710259 0.712176
53 0.714861 0.710259
54 0.716203 0.712943
55 0.706424 0.712560
56 0.712368 0.710451
57 0.709108 0.703739
58 0.709684 0.705849
59 0.707958 0.710067
