0 0.576989 0.446213
1 0.622819 0.488015
2 0.631640 0.520422
3 0.656184 0.553212
4 0.660594 0.516779
5 0.674784 0.579674
6 0.679386 0.621668
7 0.674976 0.624353
8 0.675168 0.638159
9 0.682071 0.643720
10 0.677085 0.651007
11 0.683797 0.645638
12 0.677661 0.652349
13 0.676510 0.637776
14 0.686673 0.666731
15 0.682838 0.655417
16 0.681304 0.643912
17 0.689358 0.674593
18 0.678044 0.658293
19 0.678044 0.665197
20 0.688974 0.680537
21 0.687440 0.685139
22 0.689358 0.674017
23 0.677852 0.632598
24 0.682646 0.669415
25 0.677277 0.662128
26 0.674209 0.662895
27 0.682646 0.675551
28 0.686098 0.680153
29 0.675935 0.658869
30 0.685139 0.688591
31 0.683030 0.668648
32 0.672867 0.665197
33 0.681687 0.676318
34 0.686098 0.679386
35 0.680153 0.670374
36 0.685139 0.677661
37 0.668073 0.659636
38 0.683797 0.669032
39 0.666347 0.665580
40 0.686290 0.670182
41 0.694919 0.683605
42 0.682263 0.676318
43 0.675360 0.665964
44 0.684372 0.675935
45 0.672483 0.663087
46 0.679003 0.671716
47 0.682838 0.666922
48 0.684372 0.675935
49 0.663279 0.643720
50 0.677852 0.672291
51 0.676702 0.664621
52 0.671333 0.657718
53 0.672291 0.669415
54 0.671141 0.659252
55 0.678811 0.672100
56 0.666731 0.654458
57 0.676894 0.676702
58 0.681496 0.664430
59 0.672675 0.656759
60 0.680537 0.674593
61 0.680345 0.672100
62 0.680729 0.672291
63 0.670757 0.671524
64 0.669223 0.663087
65 0.674017 0.666731
66 0.665005 0.658102
67 0.671908 0.660786
68 0.677277 0.666155
69 0.672867 0.668648
70 0.664621 0.659252
71 0.669032 0.668840
72 0.665580 0.651007
73 0.667689 0.651582
74 0.663471 0.658102
75 0.673826 0.665964
76 0.665005 0.669415
77 0.672867 0.665772
78 0.679195 0.655992
79 0.665964 0.656759
80 0.667498 0.660978
81 0.666155 0.661361
82 0.669415 0.660594
83 0.669032 0.669799
84 0.663471 0.654075
85 0.674209 0.673058
86 0.676510 0.674017
87 0.669990 0.664238
88 0.680729 0.672100
89 0.672867 0.663663
