0 0.577565 0.415340
1 0.611314 0.423586
2 0.636242 0.523490
3 0.644295 0.506040
4 0.664238 0.540173
5 0.674401 0.574880
6 0.683221 0.644871
7 0.683605 0.639118
8 0.685331 0.629338
9 0.684947 0.654650
10 0.679195 0.642570
11 0.693193 0.655034
12 0.695302 0.665197
13 0.686673 0.612656
14 0.690508 0.646788
15 0.683413 0.619367
16 0.694727 0.676318
17 0.698178 0.663279
18 0.699521 0.671908
19 0.702780 0.686865
20 0.704123 0.692234
21 0.703739 0.681112
22 0.713327 0.681687
23 0.693001 0.650815
24 0.704506 0.681496
25 0.703739 0.649856
26 0.705081 0.682263
27 0.716587 0.703931
28 0.710259 0.696453
29 0.716395 0.706424
30 0.709300 0.677852
31 0.714861 0.711985
32 0.702205 0.684564
33 0.704314 0.705273
34 0.713135 0.709108
35 0.707958 0.683413
36 0.705465 0.695302
37 0.710834 0.700288
38 0.720038 0.709492
39 0.716970 0.711409
40 0.714669 0.713519
41 0.713710 0.705849
42 0.717737 0.702972
43 0.709684 0.695494
44 0.720805 0.716587
45 0.706616 0.693960
46 0.704890 0.685906
47 0.721381 0.720038
48 0.713710 0.709492
49 0.716012 0.711409
50 0.721764 0.709492
51 0.720614 0.713710
52 0.714861 0.686673
53 0.723873 0.716587
54 0.710451 0.698562
55 0.715436 0.707766
56 0.719271 0.708725
57 0.720805 0.701246
58 0.721956 0.717546
59 0.720997 0.722723
60 0.717354 0.707574
61 0.721189 0.716395
62 0.715053 0.705657
63 0.708725 0.704123
64 0.719655 0.710834
65 0.719655 0.712560
66 0.728284 0.726750
67 0.716587 0.715244
68 0.724449 0.716395
69 0.721956 0.717162
70 0.727517 0.722148
71 0.726750 0.718121
72 0.728092 0.719655
73 0.712176 0.711601
74 0.724832 0.719080
75 0.720230 0.721572
76 0.712943 0.704314
77 0.724449 0.718504
78 0.724257 0.718313
79 0.718888 0.712943
80 0.715820 0.703931
81 0.723682 0.718121
82 0.712943 0.714477
83 0.720997 0.713519
84 0.715244 0.708341
85 0.711601 0.708150
86 0.720230 0.719271
87 0.706424 0.699137
88 0.707191 0.707766
89 0.719655 0.713902
