0 0.670182 0.642953
1 0.670374 0.655801
2 0.671141 0.666347
3 0.683605 0.668073
4 0.688591 0.685331
5 0.693768 0.684564
6 0.693193 0.689933
7 0.691659 0.685523
8 0.691467 0.695877
9 0.698945 0.693960
10 0.689549 0.693001
11 0.696836 0.694727
12 0.687248 0.688015
13 0.706040 0.706232
14 0.703931 0.702397
15 0.700288 0.701630
16 0.704890 0.706999
17 0.704506 0.701438
18 0.697411 0.704123
19 0.702205 0.700863
20 0.705273 0.704698
21 0.703164 0.702397
22 0.705273 0.703164
23 0.702589 0.703164
24 0.698562 0.699904
25 0.698370 0.704506
26 0.694535 0.693384
27 0.704698 0.702780
28 0.706999 0.707766
29 0.699329 0.695494
30 0.707574 0.712752
31 0.700288 0.701822
32 0.704890 0.705081
33 0.708725 0.708150
34 0.711026 0.705657
35 0.703931 0.704123
36 0.706040 0.707766
37 0.702205 0.709492
38 0.700671 0.703739
39 0.706424 0.708341
40 0.707574 0.709684
41 0.702013 0.705465
42 0.704314 0.704314
43 0.703739 0.702972
44 0.706232 0.707383
45 0.703356 0.700288
46 0.704506 0.702589
47 0.705273 0.703739
48 0.703739 0.707574
49 0.705849 0.710642
50 0.709300 0.706999
51 0.702397 0.701246
52 0.713135 0.713710
53 0.704890 0.704890
54 0.701055 0.702397
55 0.708341 0.707383
56 0.707958 0.707191
57 0.710642 0.711793
58 0.708150 0.705465
59 0.701822 0.706424
