0 0.663279 0.616491
1 0.680345 0.634132
2 0.681304 0.658102
3 0.682646 0.673634
4 0.682838 0.681496
5 0.691083 0.672483
6 0.693384 0.679770
7 0.698178 0.691850
8 0.693576 0.692617
9 0.696836 0.697028
10 0.697028 0.689166
11 0.695494 0.689358
12 0.704314 0.697411
13 0.695877 0.696453
14 0.702589 0.702972
15 0.704890 0.704123
16 0.704506 0.702780
17 0.704698 0.699904
18 0.702972 0.701246
19 0.705081 0.711218
20 0.708341 0.709875
21 0.702205 0.705465
22 0.710642 0.713902
23 0.707766 0.703739
24 0.707574 0.711793
25 0.710067 0.710642
26 0.709108 0.710642
27 0.697411 0.704123
28 0.701055 0.699329
29 0.707766 0.708725
30 0.711985 0.713902
31 0.705849 0.703931
32 0.713710 0.704123
33 0.705465 0.706232
34 0.706232 0.704506
35 0.708725 0.709875
36 0.712176 0.706232
37 0.705849 0.711793
38 0.706232 0.703931
39 0.710834 0.711985
40 0.706232 0.706807
41 0.713902 0.709684
42 0.707958 0.702972
43 0.701630 0.706232
44 0.709492 0.716587
45 0.707574 0.710834
46 0.704123 0.708725
47 0.705465 0.708533
48 0.706999 0.709108
49 0.705273 0.702397
50 0.708533 0.707958
51 0.711026 0.714669
52 0.704890 0.703356
53 0.705849 0.708917
54 0.705657 0.709108
55 0.703739 0.704123
56 0.705849 0.712752
57 0.712176 0.717162
58 0.706232 0.709875
59 0.709492 0.708917
