0 0.574688 0.442570
1 0.608437 0.441802
2 0.647747 0.534995
3 0.652924 0.524832
4 0.655801 0.552637
5 0.658293 0.536721
6 0.665005 0.614765
7 0.673442 0.639118
8 0.671524 0.615149
9 0.678811 0.625312
10 0.685139 0.644487
11 0.670757 0.649281
12 0.682454 0.654267
13 0.682263 0.664238
14 0.696836 0.658869
15 0.694151 0.664813
16 0.695302 0.668840
17 0.677661 0.655609
18 0.671908 0.636625
19 0.688591 0.674784
20 0.682071 0.675360
21 0.684372 0.684756
22 0.672100 0.665964
23 0.679962 0.674017
24 0.681879 0.664621
25 0.683988 0.670374
26 0.683797 0.665580
27 0.683221 0.652349
28 0.682454 0.672291
29 0.680153 0.667114
30 0.675360 0.667689
31 0.683797 0.673442
32 0.676127 0.664046
33 0.669990 0.665964
34 0.665772 0.665772
35 0.674976 0.659827
36 0.679195 0.665580
37 0.674209 0.661937
38 0.677085 0.669223
39 0.672867 0.671524
40 0.672291 0.670374
41 0.679770 0.664621
42 0.671716 0.661553
43 0.672100 0.662704
44 0.669032 0.661170
45 0.664430 0.653691
46 0.666731 0.643720
47 0.670949 0.661937
48 0.662128 0.656184
49 0.674017 0.651007
50 0.679195 0.663663
51 0.668648 0.664430
52 0.669032 0.648322
53 0.686865 0.685139
54 0.680729 0.673634
55 0.676510 0.673058
56 0.666347 0.658485
57 0.680345 0.674017
58 0.666922 0.663663
59 0.671716 0.661361
60 0.674784 0.666539
61 0.669607 0.665580
62 0.655992 0.651198
63 0.665388 0.652733
64 0.670757 0.668840
65 0.659060 0.658869
66 0.669990 0.662320
67 0.679386 0.670566
68 0.672675 0.657718
69 0.673442 0.653116
70 0.670182 0.665197
71 0.665580 0.656951
72 0.683030 0.669032
73 0.658102 0.646980
74 0.669607 0.655225
75 0.677661 0.663854
76 0.663471 0.656376
77 0.669990 0.655992
78 0.660594 0.652541
79 0.671141 0.666347
80 0.670949 0.657718
81 0.669990 0.662128
82 0.663471 0.652349
83 0.671141 0.660403
84 0.663471 0.651774
85 0.661170 0.651965
86 0.677085 0.669799
87 0.671524 0.669990
88 0.668073 0.658869
89 0.666539 0.668073
