0 0.679386 0.651582
1 0.678044 0.661553
2 0.679962 0.679770
3 0.688974 0.669607
4 0.685139 0.684947
5 0.689549 0.683030
6 0.694535 0.688015
7 0.696069 0.682646
8 0.695494 0.694343
9 0.696644 0.690700
10 0.696836 0.693768
11 0.690892 0.702397
12 0.697220 0.694727
13 0.697987 0.696836
14 0.703356 0.706616
15 0.696644 0.694151
16 0.697220 0.696453
17 0.708150 0.698370
18 0.699137 0.694919
19 0.699329 0.699329
20 0.707191 0.706616
21 0.710259 0.709875
22 0.706999 0.710259
23 0.712368 0.707958
24 0.707574 0.711793
25 0.701822 0.703164
26 0.708150 0.709684
27 0.705849 0.706424
28 0.704698 0.706999
29 0.704890 0.706807
30 0.710067 0.707766
31 0.707958 0.711601
32 0.699712 0.706616
33 0.706807 0.707574
34 0.706232 0.709300
35 0.702589 0.701630
36 0.705657 0.709492
37 0.705465 0.703356
38 0.705273 0.707383
39 0.705657 0.707383
40 0.706040 0.705849
41 0.705465 0.703547
42 0.707574 0.708341
43 0.708725 0.705849
44 0.705465 0.710834
45 0.711026 0.710067
46 0.704506 0.709108
47 0.702589 0.706040
48 0.704890 0.706424
49 0.705081 0.706807
50 0.708533 0.709684
51 0.706424 0.709108
52 0.710451 0.708725
53 0.712368 0.715053
54 0.709300 0.702780
55 0.708150 0.702205
56 0.713902 0.711793
57 0.706232 0.705657
58 0.702013 0.706424
59 0.708341 0.706999
