0 0.679962 0.657335
1 0.680537 0.662320
2 0.691083 0.673442
3 0.691467 0.673250
4 0.696261 0.684947
5 0.697603 0.693768
6 0.698945 0.697603
7 0.700671 0.693960
8 0.700671 0.700671
9 0.706040 0.701822
10 0.706999 0.703356
11 0.700671 0.700671
12 0.702589 0.704698
13 0.709492 0.706999
14 0.709108 0.701246
15 0.714669 0.706424
16 0.711793 0.705273
17 0.707383 0.705465
18 0.715820 0.712752
19 0.713902 0.710642
20 0.712368 0.712943
21 0.711026 0.705081
22 0.709875 0.711409
23 0.712176 0.712752
24 0.715244 0.714669
25 0.711409 0.709300
26 0.713135 0.716779
27 0.713135 0.714477
28 0.709875 0.710642
29 0.707766 0.711793
30 0.711409 0.711218
31 0.707958 0.706232
32 0.707958 0.714669
33 0.718888 0.716012
34 0.715244 0.716970
35 0.708150 0.711218
36 0.711218 0.712176
37 0.713327 0.715436
38 0.711985 0.714477
39 0.717737 0.716203
40 0.712943 0.715053
41 0.714094 0.714094
42 0.713135 0.714669
43 0.709492 0.713902
44 0.714669 0.715628
45 0.714669 0.715244
46 0.711985 0.711601
47 0.715053 0.723682
48 0.713710 0.714094
49 0.710451 0.715244
50 0.717162 0.711793
51 0.708341 0.712176
52 0.715628 0.718504
53 0.713710 0.717354
54 0.720230 0.719847
55 0.716012 0.714286
56 0.713902 0.711985
57 0.720614 0.718696
58 0.718504 0.715053
59 0.716012 0.713902
