0 0.569703 0.466155
1 0.614382 0.511409
2 0.640460 0.551103
3 0.662320 0.505273
4 0.668456 0.574497
5 0.660211 0.543624
6 0.673058 0.591371
7 0.683605 0.628571
8 0.680153 0.632982
9 0.687632 0.653308
10 0.679386 0.624161
11 0.696644 0.664430
12 0.691659 0.640652
13 0.699137 0.672867
14 0.701822 0.658102
15 0.704314 0.665580
16 0.697028 0.679195
17 0.707958 0.668265
18 0.711601 0.660786
19 0.711218 0.679962
20 0.706040 0.678619
21 0.716587 0.701246
22 0.717162 0.699521
23 0.724257 0.668073
24 0.706424 0.656951
25 0.709684 0.699521
26 0.719847 0.710451
27 0.710259 0.687248
28 0.715244 0.697220
29 0.709684 0.677852
30 0.712176 0.690892
31 0.722531 0.715436
32 0.712560 0.699137
33 0.723873 0.715628
34 0.710642 0.698562
35 0.720038 0.711601
36 0.712752 0.704123
37 0.703931 0.699329
38 0.715244 0.694727
39 0.725024 0.711026
40 0.725599 0.719271
41 0.721189 0.707191
42 0.717737 0.690700
43 0.724065 0.724257
44 0.722915 0.700096
45 0.719463 0.710451
46 0.717354 0.703739
47 0.716587 0.710451
48 0.723490 0.712560
49 0.723490 0.715820
50 0.730393 0.722723
51 0.723873 0.706807
52 0.729626 0.716012
53 0.716779 0.718888
54 0.721572 0.715628
55 0.720997 0.717546
56 0.716012 0.715436
57 0.717546 0.718888
58 0.716395 0.707766
59 0.721572 0.716395
60 0.726366 0.719271
61 0.717929 0.693384
62 0.718121 0.699712
63 0.731544 0.723490
64 0.720422 0.712943
65 0.711793 0.705081
66 0.720614 0.716970
67 0.719271 0.713135
68 0.714286 0.699712
69 0.722915 0.722339
70 0.728092 0.715820
71 0.717737 0.710451
72 0.715436 0.713135
73 0.713327 0.710642
74 0.710834 0.712943
75 0.722915 0.720230
76 0.721381 0.722531
77 0.723490 0.723106
78 0.721956 0.719655
79 0.722339 0.721956
80 0.713710 0.705465
81 0.712560 0.699329
82 0.734995 0.716779
83 0.719463 0.718121
84 0.716203 0.700288
85 0.724832 0.715820
86 0.716395 0.710451
87 0.722531 0.720997
88 0.723106 0.698178
89 0.726750 0.721189
