0 0.670949 0.641802
1 0.677661 0.660978
2 0.695494 0.685139
3 0.684947 0.681112
4 0.691083 0.688591
5 0.698754 0.691275
6 0.691467 0.685139
7 0.699712 0.706232
8 0.699904 0.701438
9 0.703164 0.694727
10 0.701246 0.704506
11 0.691083 0.697028
12 0.697795 0.702397
13 0.705465 0.706424
14 0.703739 0.699329
15 0.702013 0.701055
16 0.708917 0.712752
17 0.711793 0.711218
18 0.711793 0.710642
19 0.703356 0.700671
20 0.709684 0.712752
21 0.708150 0.707574
22 0.710259 0.709875
23 0.706424 0.713135
24 0.710259 0.710834
25 0.703164 0.710642
26 0.713327 0.712368
27 0.711793 0.714861
28 0.710834 0.711601
29 0.709684 0.713519
30 0.712943 0.715053
31 0.713710 0.715628
32 0.713135 0.716587
33 0.709684 0.711601
34 0.711601 0.714861
35 0.712943 0.721189
36 0.714094 0.706807
37 0.711218 0.715628
38 0.707383 0.706424
39 0.711026 0.712560
40 0.718888 0.710259
41 0.711985 0.713135
42 0.718888 0.718696
43 0.711985 0.713710
44 0.706999 0.714286
45 0.707958 0.711985
46 0.717737 0.719463
47 0.713327 0.716012
48 0.714669 0.721572
49 0.712752 0.711026
50 0.718313 0.721956
51 0.714477 0.716203
52 0.716203 0.719655
53 0.710642 0.722531
54 0.719080 0.719080
55 0.710642 0.715628
56 0.720038 0.721764
57 0.708725 0.711026
58 0.713327 0.717737
59 0.716395 0.715628
