0 0.668456 0.642953
1 0.688782 0.666155
2 0.676702 0.655609
3 0.687632 0.683030
4 0.693193 0.676894
5 0.693960 0.685331
6 0.684564 0.682263
7 0.693193 0.688591
8 0.693193 0.692809
9 0.689358 0.689933
10 0.697220 0.692809
11 0.701822 0.702205
12 0.697220 0.697028
13 0.699904 0.702972
14 0.702972 0.699712
15 0.705273 0.707958
16 0.702013 0.704314
17 0.706232 0.705081
18 0.703739 0.702205
19 0.706040 0.703931
20 0.711218 0.710642
21 0.702397 0.700671
22 0.703356 0.704314
23 0.706616 0.704123
24 0.707958 0.704698
25 0.704314 0.702205
26 0.702205 0.703164
27 0.705849 0.703739
28 0.702589 0.705273
29 0.702205 0.700863
30 0.706999 0.703356
31 0.705465 0.706424
32 0.707766 0.704314
33 0.701630 0.699137
34 0.712560 0.706999
35 0.704890 0.703356
36 0.707191 0.712368
37 0.699521 0.702013
38 0.702013 0.702013
39 0.709875 0.705849
40 0.702205 0.710451
41 0.706616 0.703164
42 0.707574 0.712368
43 0.706616 0.707191
44 0.709492 0.708533
45 0.703164 0.702780
46 0.708341 0.713902
47 0.706232 0.709684
48 0.706616 0.705657
49 0.704123 0.697411
50 0.705657 0.705081
51 0.704890 0.702972
52 0.705849 0.709300
53 0.709108 0.709492
54 0.703547 0.703164
55 0.713135 0.713135
56 0.708917 0.706807
57 0.706616 0.704506
58 0.705849 0.705849
59 0.711601 0.708917
