0 0.575072 0.409971
1 0.612848 0.527325
2 0.632598 0.475935
3 0.643337 0.483797
4 0.646596 0.569511
5 0.670374 0.593864
6 0.669032 0.605944
7 0.668456 0.636817
8 0.664046 0.588111
9 0.670374 0.637009
10 0.680153 0.649664
11 0.684372 0.649281
12 0.675360 0.644104
13 0.682838 0.660786
14 0.683413 0.667114
15 0.687248 0.634324
16 0.678044 0.651007
17 0.688782 0.671333
18 0.671908 0.653308
19 0.677469 0.662895
20 0.679386 0.652733
21 0.680345 0.678236
22 0.680920 0.663854
23 0.690508 0.682071
24 0.683030 0.670182
25 0.683605 0.677085
26 0.686481 0.678428
27 0.691467 0.674976
28 0.683413 0.675551
29 0.679195 0.677085
30 0.682071 0.676702
31 0.686290 0.686673
32 0.692809 0.687057
33 0.672675 0.664238
34 0.678619 0.659444
35 0.685139 0.670374
36 0.677277 0.665964
37 0.672483 0.664238
38 0.675935 0.657910
39 0.687057 0.680537
40 0.677852 0.661745
41 0.665197 0.655992
42 0.672675 0.662128
43 0.668840 0.670182
44 0.680537 0.669415
45 0.662320 0.666347
46 0.679962 0.660211
47 0.676318 0.666731
48 0.673634 0.664621
49 0.676127 0.670374
50 0.669223 0.663087
51 0.675168 0.676894
52 0.678811 0.677852
53 0.674784 0.665772
54 0.671524 0.667114
55 0.656568 0.648514
56 0.674401 0.663279
57 0.669415 0.642761
58 0.672675 0.668840
59 0.667306 0.667114
60 0.678811 0.670566
61 0.685523 0.673250
62 0.676702 0.673250
63 0.673442 0.671524
64 0.665772 0.658293
65 0.673250 0.667689
66 0.660594 0.647555
67 0.676127 0.663854
68 0.655609 0.656376
69 0.665964 0.664238
70 0.675743 0.668648
71 0.668456 0.655609
72 0.678044 0.668840
73 0.673058 0.671141
74 0.664046 0.658102
75 0.665964 0.659827
76 0.673058 0.668073
77 0.681496 0.662320
78 0.662320 0.660211
79 0.669607 0.658485
80 0.673634 0.676702
81 0.658102 0.655225
82 0.671333 0.671716
83 0.677852 0.672675
84 0.665388 0.658485
85 0.676127 0.671908
86 0.660594 0.661937
87 0.669032 0.668456
88 0.667306 0.659827
89 0.663663 0.659252
