0 0.664046 0.624736
1 0.664430 0.635475
2 0.678236 0.661170
3 0.685139 0.662128
4 0.685714 0.673634
5 0.689741 0.675551
6 0.693193 0.672675
7 0.687632 0.687824
8 0.694919 0.688591
9 0.693960 0.687248
10 0.691467 0.690892
11 0.693768 0.692426
12 0.699521 0.690892
13 0.701246 0.700671
14 0.703931 0.702397
15 0.702013 0.704314
16 0.706040 0.705657
17 0.709492 0.710451
18 0.711601 0.702205
19 0.707383 0.698562
20 0.710259 0.708725
21 0.711026 0.704890
22 0.704698 0.700288
23 0.712176 0.704698
24 0.707958 0.708725
25 0.708533 0.709492
26 0.709492 0.705465
27 0.706999 0.704314
28 0.708150 0.703164
29 0.707958 0.708917
30 0.712176 0.706807
31 0.708533 0.710259
32 0.705273 0.705081
33 0.707958 0.701630
34 0.714669 0.709300
35 0.715244 0.717162
36 0.710834 0.710067
37 0.712368 0.707574
38 0.710642 0.705273
39 0.705081 0.707574
40 0.709875 0.706999
41 0.715436 0.711793
42 0.704506 0.702397
43 0.713135 0.707574
44 0.712752 0.711026
45 0.711218 0.712943
46 0.709875 0.714861
47 0.711409 0.713519
48 0.710642 0.708725
49 0.715053 0.711409
50 0.711409 0.714094
51 0.715053 0.709684
52 0.712943 0.706424
53 0.718313 0.713710
54 0.711218 0.710451
55 0.715244 0.710259
56 0.715436 0.712368
57 0.717929 0.713135
58 0.712368 0.714094
59 0.711601 0.714286
