0 0.568936 0.435283
1 0.620518 0.481496
2 0.631064 0.520614
3 0.651582 0.508917
4 0.667689 0.571045
5 0.664430 0.598274
6 0.671333 0.604027
7 0.671908 0.630105
8 0.673634 0.630872
9 0.684564 0.612272
10 0.691659 0.654267
11 0.691659 0.669607
12 0.691083 0.676510
13 0.689933 0.649089
14 0.694919 0.657526
15 0.700479 0.665388
16 0.705849 0.675360
17 0.710259 0.673250
18 0.705465 0.668073
19 0.700863 0.670949
20 0.702589 0.691083
21 0.697411 0.663854
22 0.711985 0.691659
23 0.706424 0.676894
24 0.706999 0.693193
25 0.711793 0.702397
26 0.703164 0.674017
27 0.707574 0.687440
28 0.713710 0.664046
29 0.705081 0.714286
30 0.707191 0.694919
31 0.716395 0.691275
